0 -44.2587816362 0.00692253958334 
1 0.0312373602537 0.00714575407775 
2 -5.87545334981 0.0455687343699 
3 -0.00302296427968 0.04543139688 
4 -0.00302828141924 0.0452942331952 
5 -0.00303164675725 0.0451573321157 
6 -0.00303510222129 0.0450206897203 
7 -0.00303855375627 0.0448843063427 
8 -0.00304176236635 0.0447481929733 
9 -0.00304491415066 0.0446123521909 
10 -0.00304799131006 0.0444767873296 
11 -0.00305212683239 0.0443414515954 
12 -0.00305509398135 0.0442063968983 
13 -0.00306088824509 0.0440714989651 
14 -0.00306403028263 0.0439368750495 
15 -0.00306638847787 0.0438025593861 
16 -0.00306946447581 0.0436685204139 
17 -0.00307092483161 0.0435348282289 
18 -0.00307692501618 0.0434012857271 
19 -0.00307933261916 0.0432680490124 
20 -0.00308425225364 0.0431350097614 
21 -0.00308879973483 0.0430021846249 
22 -0.00309196174409 0.0428696333586 
23 -0.00309519923622 0.042737352737 
24 -0.00310049106979 0.0426052555227 
25 -0.00310267113322 0.0424734743001 
26 -0.00310502075558 0.0423420015066 
27 -0.00311060563205 0.0422107006634 
28 -0.00311535823282 0.0420796076114 
29 -0.00311864565459 0.0419487842177 
30 -0.00312270267814 0.0418181984176 
31 -0.00312627518526 0.041687870662 
32 -0.00313076098585 0.0415577632382 
33 -0.0031343082711 0.0414279153803 
34 -0.00313717459611 0.0412983552295 
35 -0.00314056800677 0.0411690609936 
36 -0.00314347769212 0.0410400525041 
37 -0.00314820683851 0.04091125541 
38 -0.00315220418444 0.0407827000124 
39 -0.00315720055086 0.0406543460885 
40 -0.00316133198804 0.0405262292237 
41 -0.00316789269446 0.0403982518967 
42 -0.00317025731407 0.0402705837839 
43 -0.00317482856519 0.0401431362084 
44 -0.00317929749733 0.0400159137141 
45 -0.00318533605143 0.0398888543084 
46 -0.0031896717807 0.0397620264945 
47 -0.0031943671058 0.0396354164241 
48 -0.00319882349378 0.0395090339979 
49 -0.00320193803599 0.039382932289 
50 -0.00320711041803 0.039257030657 
51 -0.0032090103178 0.0391314574065 
52 -0.00321289638654 0.0390061347371 
53 -0.00321623625431 0.0388810839852 
54 -0.00322017973664 0.0387562817919 
55 -0.00322405280254 0.0386317310511 
56 -0.00322745850597 0.0385074498546 
57 -0.00323229803375 0.0383833833201 
58 -0.00323608122455 0.0382595722368 
59 -0.00324100956494 0.0381359731829 
60 -0.00324432111502 0.0380126479465 
61 -0.00325301784357 0.0378893930748 
62 -0.0032517297831 0.0377665863412 
63 -0.00326563627037 0.0376436558533 
64 -0.00326145122324 0.0375212820221 
65 -0.003273055098 0.0373988734487 
66 -0.00327073188415 0.037276950538 
67 -0.003285374342 0.0371548828393 
68 -0.00327810918696 0.0370334830383 
69 -0.00329386664135 0.0369119001617 
70 -0.00328648203161 0.0367909872432 
71 -0.00330249948648 0.0366698849669 
72 -0.00329864256382 0.0365493218183 
73 -0.00331371839847 0.0364286076708 
74 -0.00330729263489 0.0363085247543 
75 -0.00332452487037 0.0361882161298 
76 -0.00331850626657 0.0360685225118 
77 -0.0033330229956 0.0359487046525 
78 -0.00333056310547 0.0358293726658 
79 -0.00334185477711 0.0357100349151 
80 -0.00334097573359 0.0355911258274 
81 -0.00335061415186 0.035472271931 
82 -0.00335045932696 0.0353538203937 
83 -0.00336277939055 0.0352353317463 
84 -0.00336446160705 0.035117181338 
85 -0.00337515288816 0.0349990541792 
86 -0.00337570953245 0.0348813050253 
87 -0.00338394531615 0.0347636666783 
88 -0.00338411651735 0.0346464191589 
89 -0.00339466172437 0.0345292041911 
90 -0.00339432495026 0.0344123973322 
91 -0.00340367163669 0.0342956661461 
92 -0.00340305127976 0.0341793520583 
93 -0.00341332095835 0.0340630838204 
94 -0.00341493951645 0.0339471563348 
95 -0.00342461376948 0.0338312972085 
96 -0.00342925880458 0.0337156774249 
97 -0.00343656921235 0.0336002079846 
98 -0.00343713125896 0.0334851152482 
99 -0.00344630259036 0.0333701117457 
100 -0.00345071822322 0.0332553568797 
101 -0.00345584620491 0.0331408272775 
102 -1.71225503191 0.107102032168 
103 -0.0052394862642 0.106543797405 
104 -0.00444666662321 0.106072130005 
105 -0.00379683101069 0.105670915396 
106 -0.00328619069352 0.105324798025 
107 -0.00289411614631 0.105020855472 
108 -0.00257485084982 0.104751136918 
109 -0.00230869402027 0.104509855639 
110 -0.0020877364415 0.104292121177 
111 -0.00190559795179 0.104093760321 
112 -0.00175379179382 0.103911521148 
113 -0.0016280185809 0.103742626225 
114 -0.00152336619094 0.103584828599 
115 -0.00143588072469 0.1034363064 
116 -0.0013628221083 0.103295532964 
117 -0.00130172571525 0.103161245318 
118 -0.00125043419709 0.103032410069 
119 -0.00120691101291 0.102908209019 
120 -0.00117044401033 0.102787901535 
121 -0.00113986186481 0.102670870924 
122 -0.00111425969293 0.102556596243 
123 -0.00109235254128 0.102444690525 
124 -0.00107406275197 0.102334776553 
125 -0.00105862152979 0.102226557319 
126 -0.00104554895283 0.102119786083 
127 -0.00103396698264 0.102014306659 
128 -0.00102481407778 0.101909867991 
129 -0.00101708630745 0.101806322175 
130 -0.00101040600523 0.101703560287 
131 -0.00100473493875 0.101601477732 
132 -0.000999993243128 0.10149997844 
133 -0.000995559730268 0.101399029649 
134 -0.000992217379763 0.101298519497 
135 -0.000990512621833 0.101198281323 
136 -0.000988066687715 0.101098389372 
137 -0.000985596343197 0.100998845279 
138 -0.000983557614301 0.100899604705 
139 -0.000981751443527 0.100800643527 
140 -0.000980262701286 0.100701929182 
141 -0.000979059871826 0.100603432399 
142 -0.00097809449566 0.100505128885 
143 -0.000977151305794 0.100407016038 
144 -0.000976314853283 0.100309082791 
145 -0.000975671584348 0.100211309464 
146 -0.000975193204084 0.100113679284 
147 -0.000974792199232 0.100016184288 
148 -0.000974331903032 0.0999188301841 
149 -0.000974158467529 0.0998215881388 
150 -0.000974044636574 0.0997244520711 
151 -0.000973642089952 0.0996274505919 
152 -0.000973741385646 0.0995305335922 
153 -0.000973271024535 0.0994337575971 
154 -0.000973615324851 0.0993370415311 
155 -0.00097379232763 0.0992404019891 
156 -0.000973921066575 0.099143843711 
157 -0.000974176297125 0.0990473541264 
158 -0.000974060633095 0.098950969882 
159 -0.000974070759573 0.0988546784303 
160 -0.00097346538539 0.0987585404097 
161 -0.000973731853652 0.0986624696203 
162 -0.000973967707061 0.0985664690624 
163 -0.000973865456134 0.0984705719739 
164 -0.000974152005353 0.0983747400236 
165 -0.000973405123282 0.0982790746688 
166 -0.00097359955361 0.0981834832733 
167 -0.000973800234387 0.0980879651899 
168 -0.000973297433498 0.0979925892542 
169 -0.000973461783315 0.0978972899837 
170 -0.000973435551641 0.0978020859562 
171 -0.000973058451024 0.0977070113232 
172 -0.000976411185557 0.0976117021653 
173 -0.000971734417306 0.0975169415969 
174 -0.000975045342826 0.0974219507775 
175 -0.000973461784825 0.0973272064614 
176 -0.000974930180625 0.0972324116487 
177 -0.000973940500429 0.0971378052061 
178 -0.000973121249636 0.0970433702404 
179 -0.000972955870035 0.0969490430998 
180 -0.00097282269964 0.0968548205318 
181 -0.00097408504967 0.0967605675096 
182 -0.000972451652483 0.0966665639498 
183 -0.000973042725411 0.096572594689 
184 -0.00097567778632 0.096478462796 
185 -0.000971795742303 0.0963847964612 
186 -0.000973651450702 0.096291042548 
187 -0.000974087798806 0.0961973378948 
188 -0.000972721959642 0.0961038555641 
189 -0.000974096911681 0.096010332196 
190 -0.000973291415598 0.0959169770257 
191 -0.000973296767046 0.0958237121165 
192 -0.000974358584312 0.095730436344 
193 -0.000972421991669 0.0956374363977 
194 -0.000972522949536 0.095544517162 
195 -0.00097434583413 0.0954515143766 
196 -0.000974257177111 0.0953586105659 
197 -0.000973515885972 0.0952658677303 
198 -0.000973059624383 0.0951732584751 
199 -0.000972250645163 0.0950808160903 
200 -0.000973341158095 0.09498836001 
201 -0.000973180503985 0.0948960090641 
