0 -40.7458766943 -17.3729383472 -44.2398242237 15.9763297039 -14.6646616561 0.655834023894 -15.32049568
1 -40.8248240925 -17.4159620342 -44.3493831432 15.979624293 -14.5860398759 0.696792208547 -15.2828320845
2 -40.8319240685 -17.4532865826 -44.4444293251 15.9816189861 -14.5092972347 0.736160875662 -15.2454581104
3 -40.9025012011 -17.4857534629 -44.5271055568 15.9835076056 -14.4373075949 0.773100005351 -15.2104076002
4 -40.9065731652 -17.5139920974 -44.5990146492 15.985288825 -14.371425946 0.806931439501 -15.1783573855
5 -40.970863595 -17.5383921394 -44.6611488459 15.9869504644 -14.3124558659 0.837247299266 -15.1497031651
6 -40.9715069257 -17.5593417057 -44.7144964783 15.9884913529 -14.2605466043 0.863972374304 -15.1245189786
7 -41.0308214527 -17.5771343454 -44.7598050633 15.9899211968 -14.215569847 0.887175674873 -15.1027455219
8 -41.0279841948 -17.5921278324 -44.7979856645 15.9912179302 -14.1770943883 0.907061770959 -15.0841561592
9 -41.0830297661 -17.6046929611 -44.8299825019 15.9923685638 -14.1444632194 0.923952672185 -15.0684158916
10 -41.0767842788 -17.6151136561 -44.8565185838 15.9933832994 -14.1170177246 0.938182787408 -15.055200512
11 -41.128180518 -17.6237400868 -44.8784856092 15.99433216 -14.0941261641 0.950102997939 -15.044229162
12 -41.1186834113 -17.6308901543 -44.8966931067 15.9951476855 -14.0750194537 0.960064115914 -15.0350835696
13 -41.1668251469 -17.6367662844 -44.9116565491 15.995906754 -14.0592299236 0.968338415193 -15.0275683388
14 -41.1542686907 -17.6415406759 -44.9238144371 15.9965684769 -14.0462476533 0.975160411788 -15.0214080651
15 -41.1995693342 -17.6454022855 -44.9336479454 15.9971463894 -14.0356220334 0.980762177992 -15.0163842114
16 -41.1842556648 -17.6485273955 -44.9416059726 15.9976440979 -14.0268494314 0.985397333275 -15.0122467647
17 -41.2271503885 -17.6510559654 -44.948044923 15.9981071481 -14.0195817409 0.989262703557 -15.0088444445
18 -41.2093859222 -17.6530474893 -44.953116297 15.9985197801 -14.0137377056 0.992391037234 -15.0061287429
19 -41.2501850351 -17.6546241592 -44.9571312538 15.9988655619 -14.0089119581 0.994976801871 -15.00388876
20 -41.2302273122 -17.6558967427 -44.9603718611 15.999155623 -14.0047711976 0.997192212736 -15.0019634103
21 -41.2693018021 -17.6569232859 -44.9629859318 15.999262459 -14.0012558099 0.999003324514 -15.0002591344
22 -41.2474801735 -17.6576419929 -44.9648161043 15.999478605 -13.9984972204 1.00049069229 -14.9989879127
23 -41.2850313688 -17.6581794453 -44.9661847155 15.9996760357 -13.9961476459 1.00176419493 -14.9979118408
24 -41.2617803086 -17.6585495745 -44.9671272418 15.9998637779 -13.9941437351 1.00286002138 -14.9970037565
25 -41.2980503171 -17.6587877423 -44.9677337311 16.0000415565 -13.9923957549 1.00382290076 -14.9962186557
26 -41.2735325688 -17.6588872275 -44.9679870683 16.0002139458 -13.9909607538 1.00462659601 -14.9955873498
27 -41.3086982638 -17.658913239 -44.9680533059 16.0003618594 -13.9896685666 1.00534664639 -14.995015213
28 -41.2830813517 -17.658913239 -44.9680533059 16.0003618594 -13.9896685666 1.00534664639 -14.995015213
