0 0.0019338086558 -40.8248240925 
1 0.00189907967265 -40.9025012011 
2 0.0016685612138 -40.970863595 
3 0.00146128826122 -41.0308214527 
4 0.00127079997843 -41.0830297661 
5 0.00109780572317 -41.128180518 
6 0.000938732311137 -41.1668251469 
7 0.00079477013509 -41.1995693342 
8 0.000669002198972 -41.2271503885 
9 0.000558413171144 -41.2501850351 
10 0.000463220023479 -41.2693018021 
11 0.000380999268747 -41.2850313688 
12 0.000315243653204 -41.2980503171 
13 0.000257765244774 -41.3086982638 
14 0.000210538101073 -41.3173971502 
15 0.000169150171652 -41.3243871773 
16 0.000136876684512 -41.3300442968 
17 0.00010987842074 -41.3345860758 
18 8.78372613328e-05 -41.3382171116 
19 6.93168770291e-05 -41.3410827463 
20 5.53157335806e-05 -41.3433696852 
21 4.15428682641e-05 -41.3450872787 
22 3.03680676119e-05 -41.3463428872 
23 2.20412770622e-05 -41.3472542335 
24 1.52791606634e-05 -41.3478859945 
25 7.56590919909e-06 -41.3481988312 
26 2.95886134729e-06 -41.3483211752 
27 -1.40266407745e-06 -41.3482631774 
